Sparse50
50
1 41 36 23 31
2 1 25 19 46 37 7 1 38 41 37 35 20
3 19 27 20 14 35 4 33 14
4 7
5 1 12 6 22 29 41 32 27 40 3
6 41 20 42 38 32 40 23 44 39 9
7 43 6 16 45
8 33 12 48 41 48 10
9 18 26 49 28 25 29 31 21 16
10 22 19 21 24 12 24 2 27 47 15 14 19
11 16 44 43 2 30 14 21 20 39 5 37
12 38 19 42 48 50 46 17 36 2 22 44
13 42 45
14 46 45 41
15 26 39 36 14 45 28 49 27 20 8 19
16 37
17 25 50 20 12
18 25 13
19 33 21 38 31 41 5 38 45 36 40
20 7 12 38 28 9 41 50 32 31 19 45
21 5 40 45 15 22 43 50
22 41
23 44 25 8 27 47
24 50 4 20 2 39
25 27 21 30 17 28 7
26 25 24 30 6 3 5 21 41 20 50 49 20
27 7 26 17 19
28 23 31 40 8 29 3 43
29 20 32 48 33 37 30 7 42 36 41
30 35 28 21 4 45 2 38 29 42 11
31 50 44 50 18 44 32 29
32 26 27
33 21 37
34 31 1 11 47 10 33 8 39 2 45
35 21 23
36 19 13 24 14
37 10 16 27 1 3 43 41 12 20 8
38 18 40 37 1 19 43 3 20 34
39 24 27 16 35 47 24 29 28 23 20 6
40 43 44 48
41 46 5
42 15 29 8 34 30 21
43 11 27
44 2 6 16 39 45 42 4 7 46
45 38 19 17 23 9 39 17 14 30 29 8
46 27 23 43 19 1 26
47 19
48 3 26 28 31 47 41 5 43 39 14 19
49 45 45 11 18 39 31
50 27 23 48