Sparse200
200
1 6 25 79 108 61 186 24 144 162 125 40 105 91 140 45 91 175 85 163 158 46 185 12 63 97 64 8 44 3 147 184 123 124 158 195 175 134 8 164 89 104 72 11 87 152 14 199 99 141
2 160 14 126 44 119 81 30 85 106 62 65 70 200 66 113 174 49 56 161 188 181 106 181 24 132 82 32 148 64 49 61 159 78 171 29
3 55 61 75 138 108 179 129 53 89 112 34 119 12 197 54 7 197 17 32 105 18 71 110 34 130 49 21 186 85 137 174 126 160 200 125 105 167
4 135 178 149 127 89 19 65 138 108 133 73 148 110 125 7 183 145 113 3 138 150 93 5 170 138 151 159 149 17 141 118 70
5 162 23 44 121 31 169 181 174
6 183 124 171 65 120 165 95 77 182 30 181 68
7 168 81 101 70 40 111 53 196 31 104 68 63 196 39 185 138 197 12 154 106 69 189 60 40 86 24 51
8 172 150 13 30 52 146 140 138 197 30 180 111 24 44 74 109 141 93
9 176 13 143 56 119 180 29 120 16 20 32 134 117 153 138 81 6 76 143 108 72 3 36 170 195 38 192 165 14 133 5 30 160 166 67 174 181
10 74 44 105 83 48 17 34 192 200 71 186 177 200 179 155 177 131 169 193 80 112 139 34 30 170 134 130 182 3 82 19 25 137 78 34 163 90 85 165 198 180 41
11 135 93 6 196 68 142 82 44 42 155 114 41 53 147 78 48 9 149 42 134 140 162 17 36 1 160 200 33 66 72 41 193 169 105 72 3 139 22 14 57 170
12 124 63 26 92 191 73 44 163 114 101 137 85 164 22 199 169 30 180 4 99 33 18 51 19 141 32 194 144 149
13 82 130 51 186 179 48 178 181
14 101 33 165 13 53 34 179 52 107 41 71 9 13 97 197 31 126 77 162 171 169 178 186 24 137 67 70 73
15 102 3 122 114 142 39 2 108 161 154 192 134 9 22 22 109 4 122 119 75 187 121
16 71 94 92 38 21 118 186 106 48 149 147 102 82 43 23 138 52 60 182 165 81 106 94
17 60 28 105 161 197 35 134
18 137 55 6 71 174 113 62 38 133 20 95 113 19 130 113 171 94 129 125 29 81 10 97 125 96 5 146 63 99 11 2 195 72 159 17 75 153 90 15 126 156 3 15 126 81 95 103 163 118
19 27 94 91 22 17 65 33 149 41 21 66 17 38 47 24 75 186 44 22 41 186 90
20 70 113 166 19 191 163 32 177 23 91 125 112 36 166 3 62 145 109 91 186 135 122 183 170 56 128 176 169 70 101 197 45 130 151 197 26 185 8 109
21 1 150 128 101 152 131 91
22 67 145 88 142 91 76 60 93 196 16 73 121 118 15 58 50 44 122 101 179 104 40 79 77 179 132 31 165 169 106 95 65 59 31 12 44 134 26 102 131 9 58 51
23 193 179 43 154 133 15 94 99 88 112 130 192 163 161 61 124 77 120 36 67 179 168 65 125 40 36 184 147 57 119 22 159 8 191 191 16 50 119 26 82 127 3 163 132
24 142 158 119 85 3 115 18 136 132 69 74 167 192 130 96 189 2 71 110 83 164
25 77 181 153 181 187 108 171 93 175 131 142 96 187 11 32 71 139 183 118 199 60 43 94 105 29 92 99 84 63 178 161 196 19 63 89 84 144 197 159 181 73 20 103
26 88 165 19 163 193 137 50 62 65 137 168 158 49 31 183 132 200 49 179 20 174 105 184 127 49 2 56 33 73 118 5 77 90 125 103 108 102 47 115 36 36 147
27 134 93 54 43 197 134 128 14 18 164 37 165 172 4 1 170 188 143 40 186 113 111 47 34
28 51 165 132 103 63 42 189 77 125 74 54 121 136 56
29 46 119 1 180 139 25 162 69 84 73 104 189 108 77 65 61 175 69 110 12 157 14 31 155 151 145 41 182 172 96 142 150 181 9 70 19 101 91 63 119 7 92 167 94 99 45 185
30 121 78 114 145 54 32 37 36 104 102 179 19 119 100 42 164 101 80 193 60 21 96 177 161 111 141 122 24 45 20 31 91 53 189 143 194
31 61 13 121 194 47 86 64 13 197
32 90 10 145 12 133 8 16 60 121 187 56 37 33 116 89 161 70 71 197
33 66 102 57 189 54 62 77 76 46 2 148 42 63 150 5 119 129 69 42 148 152 9 81 137
34 106 173 53 108 41 143 127 32 20 86 138 173 162 25 177 171 82 129 8 116 29 90 158 81 149 64 196 111 89 79 33
35 132 192 1 52 62 106 146 187 107 134 20 104 173 154 128 110 134 98 55 146 66 10 147 168 66 168 65 138 106 32 46 60 184 57 179 82 55 189 158 114 184
36 81 144 30 7 135 153 69 62 145 84 141 162 111 69 91 134 54 103 140 172 54 30 59 75 190 12 97 89 186
37 119 96 110 20 51 54 2 109 175 50 70 184 186 180 72 179 130 170 198 58 89 51 139 83 81 141 47 62 62 100 56 79 195 48 124 41 164 153 17 89 34 74 187 140 182
38 19 183 60 6 152 24 167 79 18 128 104 3 87 104 132 144 128 43 82 60 194 97 110 181 128 118 191 98
39 42 22 12 160 68 173 102 159 70 7 93 132 189 19 105 77 171 56 86 142 64 62 58 112 176 36 100 116 93 180 120 61 101 87 167 7
40 146 66 48 106 44 44 105 180 57 52 115 91 168 50 151 143 82 122 91 200 195 80
41 52 111 118 127 40 157 195 49 129 157 83 34 81 53 39 179 21 11 36 81 36 24 120 16 192 127 106 70 92 157 158 106 35 115 165 98 32 31 173 4 104 9 138 172 16 193 144 77
42 144 66 127 192 169 141 8 137 165 114 105 49 56 21 161 97 94 132 184 65 55 37 170 88 158 59 66 181 173 135 200 180 49 170 177 28 174
43 116 59 196 117 60 57 149 182 91 42 199 179 60 117 143 64 114 130 101 143 69 99 200 40 114 136 18 159 53 177 143 172 198 70 95 19 5 131 6 115 171 7 141 188 158
44 120 45 3 37 191 75 105 169 175 43 197 182 121 1 182 183 174 148 99 112 20 199 49 95 186 98 112 81 113 2 80 169 153 68 133 116 141 2 188 80 140 84 81 91 133 8 175
45 188 143 4 173 35 120 196 136 173 78 146 135 160 118 102 59 123 93 107 137
46 3 182 124 134 48 23 17 128 86 170 130 78 95 118
47 92 81 6 155 19 6 191 41 151 10 63 54 66 156 146 155 101 98 99 85 35 162 162 140 123
48 156 77 137 20 150 86 137 159 112 114 127 35 2 157 54 156 26 154 69 25 178 136 58 101 171 12 139 69 184 143 39 19 104 93 139 38 11
49 186 22 178 102 40 36 164 191 165 68 94
50 189 127 48 123 167 34 176 69 87 128 184
51 68 110 58 139 97 91 65 97 116 79 114 133 125 11 182 153 195 78 170 1 37 153 62 82 94 141 109 100 75 49 63 145 140 87 30 186 28 38 19 79 7 122 140 3
52 163
53 135 165 129 78 61 112 29 116 40 19 151 29
54 159 142 161 168 110 73 182 191 85 131 116 126 192 78 177 195 147 181 161 7 58 17 98 73 52 173 86 21 173 25 86 84 159 77 80 37
55 184 190
56 188 186 99 15 128 70 5 92 43 106 42 194 4 161 80 46 135 185 53 68 71 72 131 142 95 87 7 198 120 12 134 101 28 96 198 149 197 72 106 114 42 124 190 70
57 36 37 25 194 73 52 167 192 130 197 124 68 119 177 194 150 154 155 86 145 25 128 82 187 10 31 144 100 50 140 61 116 145
58 96 78 185 178 76 26 134 54 185 56
59 63 16 198 40 132 81 72 167 36 76 102 77 6 18 84 140 120 115 65 169 8 34 143 18 194 84 48 39 75 27 184
60 48 30 199 152 187 35 135 13 117 25 128 91 96 82 14 86 143 29 85 103 93 164 73 139 32 167 20 32 35
61 25 136 189 71 151 94 86 115 94 132 45 12 69 4 74 18 131 104 52 27 96 102 118 95 101 51 164 56 73 132 25 8 7 15 190 2
62 22 37 172 191 156 150 92 99 94 77 23 48 28
63 133 129 20 193 199 122 157 41 74 105 67 85 59 73 163 62 120 145 102 38 95 179 71 14 109 31 72 130 19
64 126 162 19 193 118 5 96 94 74 49 141 16 157 27 170 110 193 42 150
65 26 115 171 40 183 116 43 33 33 11 90
66 200 90 198 162 162 193 188 3
67 93 61 123 149 23 33 156 23 3 155 196 1 18 142 177 131 150 81 174 30 121 142 138 193 136 198 149 115 71 25 28
68 174 148 35 157 49 71 14 8 21 6 11 59 154 175 183 5 4 183 155 195 177 178 75 92 29 33 122 44 24 112 146 3
69 13 162 98 100 180 108 2 154 123 8 188 10 113 162 87
70 56 101 75 163 116 15 137 115 148 128 113 91 135 64 67 51
71 163 63 168 2 151 49 120 9 90 12 99 26 62 180 154 127 139 1 140 133 66 149
72 84 133 96 40 168 41 170 63 23 138 11 79 1 52 79
73 89 136 9 188 45 74 114 114 53 24 44 187 27 64 186 193 32 90
74 10 165 163 182 189 3 47 161 63 90 32 150 47 38 137 23 164 90 103 41
75 141 18 129 84 62 163 105 174 162 158 33 76 81 137 155 42 11 54 76 133 53 191 143 141 109 7 120 113 58 51 3 103 53 67 149 198 52 153 43
76 14 167
77 130 85 120
78 9 155 45 178 159 165 175 75 90 152 100 94 22 63 25 186 129 148 104 66 60 171 156 182 44 7 26 39 45 59 195 151 197
79 189 34 39 156 158 5 194 43 199 169 190 160 124 180 155 101 167 59 2 144 182 80 104 16 10 76 133 140
80 143 43 82 59 190 182 200 22 125 12 146 8 34 159 164 147 22 42 155 42 37 124 142 149 39 72 187 162 152 42 163 105 64 46 69 1 150 156 88 114 8 140 130 56 182 19
81 5 186 61 114 12 167 180 70 152 192 42 99 13 57 127 185 169 11 127 151 155 7 188 167 127 64 116 178 174 114 190 17 122 19 38 57 111 20 56 74 148 155 41 116 97 185 56 71
82 121 61 104 74 183 148 6 150 124 152 42 171 184 164 70 144 115 196 34 191 24 171 125 47 173 21 161 200 112 191 18 3 183 75 187
83 172 180 44 140 152 150 162 32 81 182 180 175 125 107 114 9 193 198 103 63 200 32 119 190 36 43 200 118 44 95 33 136 177 196 171 175 110 135 27 134 101
84 55 103 38 138 74 33 125 44 52 21
85 139 151 189 23 147 197 178 113 68 122 125 178 84 162 108 14
86 15 150 26 149 1 147 170 173 35 60 49 15 162 7 127 32
87 115 50 65 45 184 142 100 55 11 13 116 199 11 187 194 120 49 184 126 193 172 155 146 114 123 130 21 141 5 33 187 167 156 140 90 178 96 59
88 97 44 23 40 184 83 29 37 169 81 28 86 22 170 41 32 128 138 6 25 152 172 189 170 36 25 118 108 9 197 7 60 162
89 8 131 189 119 182 117 142 172 17 111 49 67 197 83 130 119
90 104 153 136 172 66 129 47 147 194 4 188 195 72 37 158 150 178 190 83 71 68 18 84 166 93 149 48 140
91 60 157 70 90 72 167
92 53 115 86 47 141 54 168 17 147 139 62 60 50 146 127 82 143 131 7 71 106 97 84 119 79 122 83 103 24 90 47 56 57 84 93 143 63
93 159 178 150 9 60 65 116 15 142 108 84 186 167 136 90 166 88 178 154 67 102 17 97 89 45 57 123 36 9
94 158 13 96 173 177 90
95 3 114 129
96 67 123 115 55
97 79 128 123 50 177 185 23 157 121 34 171 42 87 140 7 199 114 10 51 128 192 133 44 172 78 110 94 101 46 152 176 135 33 91 129 25 81 22 24
98 11 114 180 72 15 144 120 131 7 1 52 50 165 17 80 50 70 64 137 164 84 95 124 30 179 78 191
99 31 133 84 68 8 58 2 138 117 93 179 81 157 79 53 39 87 176 59 155 30 140 81 89 191 55 153 47 161 105 15 196 144
100 40 128 18 157 177 171 29 88 23 21 123 147 9 159 200 76 75 188 131 39 68 59 9 154 70 86 109 153 95 135 169 24 67 81 196 7 148 76 144 7 47 123 118 35 132 192
101 77
102 57 26 121 126 178 116 96 65 35 18 13 181 79 118 149 43 93 156 21 38 196 40 24 28 116 161 110 19 91 167 82 7 80 143 32 111 47 175 169 71 74 13 188
103 122 185 62 69 128 6 55 157 130 6 54 116 152 195 191 155 99 141 31 95 84 108 14 34 27 136 106 67 4 184 150 10 187 110 65 92
104 121 168 33 102 38 61 79 198 47 82 103 7 155 37 53 193 150 200 85 85 75 75 69 94 45 128 192 87 74 128 64 63 13 139 51 89 94 197 17 56 96 75 63 192 159 197 51 4 78 109
105 174 174 180 43 163 89 32 129 29 10 74 120 149 192 143 197 190 116 195 198 184 169 21 165 165 88 117 156 180 110 46 106 11 13
106 1 51 78 50 173 86 179 127 42 27 26 165 49 1 78 77 99 9 78 190 63 165 19 88 4 68
107 149 200 34 170 91 113 187 56 168 36 164 26 102 196 160 122 116 145 186 183 68 164 161 109 151 80 137 167 72 43 67 15 194 148 11 198 150 110 34 56 140 42 200 134 142 4
108 158 35 167 22 117 83 58 191 9 106 158 135 152 114 88 112 116 179 172 193 19 31 169 175 76 114 83 15 53 39 37 127 67 45 49 148 46 80 86 70 136 180 61 32
109 44 18 142 160 39 163 5 28 187 44 92 40 115 7 164 160 35 150 108 15 170 196 139 49 189 30 173 165 108 141 138 26
110 79 16 155 196 2 52 140 185 131 132 14 39 190 177 57 159 95 175 132 194 147 36 148 105 53 120 137 31 100 44 5 51 122 168 165 109 167
111 173 184 38 165 118 71 29 67 195 169 167 61 97 42 131 184 78 145 25 129 9 86 102 189 24 43 145 70 1 71 130 127 65 81 139
112 175 187 189 109 9 113 199 55 95 114 178 120 129 177 109 161 53 54 98 181 47 56 199 197 173 64 98 60 50 25 95 74 125 131 135 86 133 62 46 133 179 44 89 135 4 151 147 128
113 162 162 154 28 15 90 185 133 99 13 139 156 174 72 89 2 121 197 114 106 199 57 90 134 70 59 39 152 10 63 192 19 12 83 197 71 172 161 22 26 200 27 41 4 175 5 122 132 78 164
114 43 102 17 173 169 20 24 125 13 184 19 142 77 107 94 118 109
115 99 73 61 161 142 186 63 20 169 11 30 17 171 17 79 96 44 161 49 125 33 28 135 37 43 64 101 24 5 66 163 49 144 54 83 160
116 74
117 107 22 62 66 56 23 164 75 23 197 101 186 104 76 22 75 62 84 179
118 74 13 8 172 189 124 189 27 39 199 184 89 145 64 107 4 35 39 139 112 38 9 200 50 11 183 196 16 190 105 101 38 34 193 169 51 114 165 141
119 4 77 166 7 169 97 129 47 196 155
120 83 196
121 77 110 80 147 194 16 173 9 170 189 70 46 22 122 195 180 7 131 5 29 109 71 108 143 146 78 109 152 140 155
122 161 16 89 69 178 87 146 30
123 25 188 5 66 133 177 124 109 92 184 156 125 112 2 154 2 2 122 128 99 50 92 167
124 136 2 185 71 71 69 130 16 184 67 120 40 67 73 191 49 171 108 64 78 10 141 82 34 50 67 22 97 135 189 24 63 187 59 9 187 145 175 121 96 67 30 138 96 71
125 139 105 128 51 142 65 57 24 70 170 112 31 191 190 45 81 177 34 182 28 186 187 59 85 29 14 17 189 40 91 82 69 163 39 33 23 44 181 163 91 112 105 169 3
126 180 44 186 193 92
127 2 83 99 6 193 183 125 135 35 179 44 180 66 8 41 134 71 82 179 31 86 117 184 55 198 189 100 28 5 174 37 45 35 100 101 51 117
128 16 31 59 24 190 109 31 48 48 112 167 106 109 43 39 14 135 49 27 170 194 86 171 111 38 83
129 118 41 182 179 74 41 66 153 69 162 90 26 3 183 184 139 31 89 72 140 164 176 145 161 97 142 114 138 87 115 171 80
130 113 1 196 129 66 136 200 126 152 121 179 64 168 66 136 58 144 32 174 30 157 59 121 131 159 93 85
131 184 155 25 15 69 148 139 155 192 182 133 155 161 43 100 122
132 128 122 125 151 141 105 16 176 71 176 115 65 90 16 15 186 81 111 16 84 21 140 143 16 139 35 156 198
133 121 48 32 118 130 152 159 65 60 6 146 161 187 150 45 55 177 164 39 52 38 98 178 54 47 50 104 98 72 170 75 43 191 21 190 152
134 130 43 48 142 146 83 187 80 108 51 138 60 48 44 170 102 20 35 6 11 103 31 18 32 187 190 127 163 156 47 66 131 105 51 11 36 94 61 103 66 3 184 107 95 189 136
135 193 1 77 173 22 39 49 24 40 144 93
136 163 49 180 102 142 140
137 14 111 33 17 168 119 13 28 138 86 26 1 22 155 109 167 157 93 161 2 126 102 44 152 97
138 111 79 113 1 157 196 86 58 47 50 177 115 105 52 144 122 183 187 192 159 176 179 20 198 64 2 130 48 105 144 179 92
139 82 130
140 116 20 121 125 114 85 96 198 97 56 74 178 137 96 57 149 28 109 80 147 183 170 183 189 168 198 39 38 57 29 81 41 34
141 166 19 145 41 124 177 99
142 17 119 151 161 194 52 144 47 44 140
143 170 22 147 13 20 99 86 7 141 6 99 2 107 130 167 19 132 177 118 34 197
144 58 94 175 168 3 124 78 46 193 39 102
145 83 71 158 32 183 56 36 88 101 48 103 127 81 18 175 42 56 87 53 33 196 93 39 190
146 47 188 172 182 71 156 61 19 12 130 3 157 142 48 89 150 155 172 109 22 87 197 137 22 89 24 193
147 82 1 169 26 180 82 146 168 107 123 86 96 5 54 164 79 114 182 141 98 101 12
148 200
149 191 198 10 105 173 104 44 17 195 130 66 142 61 118 42 31 128 188 28 138 10 78 43 194 179 10 175 57 92 192 75 191 130 163 80 179 174
150 133 2
151 62 29 48 122 66 197 165 4 158 139 15 154 18 157 135 37 9 146 144 179 26 68 14 52 13 158 192 155 112 199 4 24 70
152 144 131 126 22 194 61 61 15 10 80 171 62 161 140 194 64 93 17 3 49
153 161 54 135 57 31 166 102 64 191
154 177 77 78 138 54 133 66 132 178 108 199 193 131 187 131 199 33 8
155 77 125 89 58 179 62 153 51 43 7 161 163 61 36 73 85 15 101 76 109 80 177 74 59 157 69 38 115 165 198 73 145 191 182 141 14 99 93 102 66 6 32 122 181 199 103 66
156 9 195 131 174 1 178 176 124 140 74 46 115 123 108 107 164 78 142 116 160 137 127
157 39 110 199 1 46 171 10 126 156 110 80
158 5 63 170 89 137 164 13 62 175 56 65 46 172 199 181 6 186 139 46 5 20 70 142 51 10
159 49 88 4 55 198 77 23 162
160 85 6 193 1 111 55 38 165 134 100 186 88 195 75 40 24
161 169 103 146 73 158 17 117 50 145 57 174 192 16 26 73 55 39 136 179 163 150 37 200 74 43 192 97 92 91 186 181 136 185 103 64 20 177 150
162 58 26 179 93 126 78 96 16 163 9 35 111 63 78 72 183 184 83 88 90 51 8 198 131 175 123 38 103 133 49 83 191 127 87
163 129 197 97 175 56 133 65 186 49 191 81 186 53 91 66
164 185 28 35 79 125 193 149 49 6 7 184 189 174 152 185 186 115 111 41 34 148 68 168 19 146 174 12 27 124 91 100 65 118 107 13 169 20 195
165 99 140 40 8 143 113 64 181 78 172 157 41 187 52 101 114 150 99 70 46 20 6 2 29 70 136 152 80 152 107 158 44 194 68 98 151 67
166 138 15 127 136 24 183 126 175 177 177 115 60 167 6 108 96 152 96 66 47 10 8 78 38 45 131 104 46 170 43 174 6 81 142
167 31 64 7 69 114 135 28 135 14 147 14 29 47 35 162 108 139 134 150 130 70 177 82 187 57 71 56 32 193 114 65 39 151 192 94 171 49 106 51
168 32 57 193 62 37 180 45 191 117 77 50 108 77 188 46 176 160 83 70 142 73 106 63 166 62 103
169 176 85 126 78 183 11 96 144 139 116 12
170 175 136 172 110 16 13 41 23 177 45 140 94 136 124 139 126 63 25 142 184 14 8 141 103 149 127 200 63 151
171 164 97 70 117 95 4 19 158 132 84 198 93 176 70 55 67 172 37 117 123 40 76 180 200 3 200 99 165 127 72 172 69 186
172 127 134 164 127 96 55 53 196 176 113 100 181 198 95 176 134 39 19 57 199 6 161 173 134 133 120 137 178 181 174 179 198 74 31 84 70 122 193
173 97 127 29 141 195 48 108 51 65 161 88 158 80 53 79 172 70 174 182 73 162 63 83 55 11 75 22 41 145 67 145 115 135 31 61 101 87 177 158 142 57 109 60 21 114 140 72 139 109 16
174 6 80 5 145 61 41 108 58 6 121 85 177 101 94 191 17 113 86 72 157 144 158 132 120 155 183 194 82 181 85 29 96 13 13 31 127 106 83
175 74 121 79 154 111 48 84 109 155 159 102 101 184 74 140 81 71 181 95 67 25 171 129 182 61 101 106 36 199 135 176 144 64 76 34 3 88 41 145 170 117 199 76 44 158 66 62 1 56
176 142 61 95 12 128 195 41 191 38 133 136 11 127 92 58 100
177 33 42 20 162 130 7 196 110 183 182
178 85 71 113 55 75 137 2 72 52 186 121 82 16 168 32 70 71 12 47 79 119 103 126 34 26 1 98 150 27 192 95 22 4 141 48 92 111 43 88 136 184 41 172
179 60 35 159 160 36 43 2 82 103 174 163 43 107 73 128 88 53 166 188 148 32
180 20 29 18 121 168 166 86
181 198 146 57 50 70 59 84 80
182 185
183 151 55 30 69
184 193 127 139 138 179 72 72 162 37 163 154 187 151 28 80 145 197 38 156 133 26 196 27 139 196 46 195 50 200 148 21 111 78 42 97 6 23
185 35 34
186 200 21 138 29 141 51 124 128 120 76 135 29 95 173 196 147 120 108 146 50 82 64 30 76 47 75 24 136 166 51 85 145 41 24 182 157 56 65 20 33
187 146 200 169 185 193 61 7 170 32 160 52 107 176 80 11 2 120 159 36
188 153 134 183 195 24 82 87 51 1 57 90 65 137 3 37 78 63 11 45 133 17 76 156 67 142 39 48 164
189 33 17 182 33 129 109 19 187 23 52 155 158 151 20 58 69 105 149 15 26 152 160 97 93 39 60 58 34 195 28 102 148 4 24 60 193 197 175 107
190 103 50 137 64 86 144 140 197 129 127 104 94 188 39 62 174 186 72 170 149 96 149 41 138 3 101 18 134 1 16 166 132 125 57 69 12 11
191 75 176 48 59 69 12 153 183 127 14 164 159 175 38 141 82 126 125 133 52 196 195 194 63 85 12 78 102 4 33 186 133 3 82 40 172 124 33 2 3 151 42 137 31
192 71 189 40 16 98 42 94 143 177 123 199 38 151 24 182 184 77 37 180 37 44 38 34 148 60 82 182
193 150 88 121 179 106 178 190 150 169 55 80 189
194 67 21 53 12 174 143 135 92 142 104 129 149 8 50 104 80 111 174 13 29 66 61 138 175 31 84 43 1 104 115 48
195 28 110 58 182 107
196 63 66 151 119 26 147
197 72 114 12 172 54 148 113 152
198 20 169 62 75 27 44 96 132 106 133 143 109 135 9 183 77 162 14 175 150 160 104 157 2 62 153 68 175 30 89 157 13 145 190 79 185 177 156 164 66 98 173 34 8 60 20
199 78 169 158 55 154 145 128 136 35 150 147 34
200 185 121 7 43 153 79 184 23 109 19 136 170 86 84 97 164 123 197 81 9 130 109 91 160 49 127 183 75 122 37 44 155 69 165