Sparse100
100
1 16 77 70 36 30 66 23 62
2 17 90 58 36 70 88 50 48 85 75
3 72 17 50 63 71 4
4 82 87 51 99 1 49 64 22 96 46 82 98 84 72
5 11
6 87 89 78 36 94 84 53 43 12 13 94 86 51 31 86 100 80 74 31 74 95 39
7 89 79 59 30 36 46 6 70 85 42 40 56
8 71 81 50 75
9 32 96 56 7 59 21 75
10 87 7 13 81 55
11 46
12 33 28 65 86 92 11 70 65 37
13 54 92 10 83 34 15 37 12 4 34 81 89 16 17 23 95 65 55 52 69 95 25 92
14 100 21 66 22 11 77 1 41 3 92 10 64 46 90
15 42 100 6 49
16 97 14
17 58 98 11 20 75 95 79 48 79 7 15 47 76
18 98 40 45
19 47 1 63
20 61 39 40 46 16 2 22
21 2 76 1 15 79 46 2 4 7 99 51 93 38 69 22 61 73 92 19 79 51 27 66 69
22 99 8 60 18 28 66 64
23 95 95 89
24 54 42 37 49 36 49 64 4 22 49 2 46 53 98 62 81 51
25 99 84 30 14 37 78 3 80 7 83 63 34 54 83
26 46 22 10 12
27 89 12 67 49 46 65 84 73 28 76 60 64 81 97 5 6 49 29 15 18 24 10 40
28 14 74 50 57 88 77 63 54 20 77 89 35 3 76 95 14 39 68 5 55
29 85 93 99 92 36 37 44 53
30 79 19 73 27 24 92 42 66 90 67 83 99 73 2 87 82 35 26 12
31 40 67 4 96 95 10 22 8 47 39 61 44 7 58 71 88 10 53 54
32 53 17 80 75 82 28 35 61 22
33 94 23 41 80 60 93 44 52 38 3 71 73 57 6 42 35
34 42 94 13 33 84 15 13 30 87 59 69 41 19 47
35 83 100 49 6 65 9 27 19 29 18 47 12 52
36 92 87
37 52 27 24 85 96 98 87 91 86 78
38 29 31 61 26 46 73 34 11 30 47
39 7 74 24 36 40 37 22 65 31 86 4 50 21 82 88 63
40 55 11 35 16 53 86 24 54 2 12 63 16 4 79 73
41 17 68 49 42 51 19 17 4 16 72
42 10 32 57 39 1 5 43 33 31 4 89 21 88 76 76 20 84 59 10 95 79 12
43 81 63 96 93 91 90 92 40 77 100 4 90 46 68 42 46 76 37 19 1 80
44 100 99 55 70 34 9 22 90
45 44 2 46 52 79 12 37 71 9 33 95 62 5 64 73 43 15 95 91
46 91 86 79 73 80 76 9 41 25 45 16 72 76 52 33 85 13 75 30 15 17
47 68 67 98 64 38 8 3 75 8 27 42 35 17 56 5 84
48 28 14 56 66 71 95 80 84 24 74 96 7
49 34 97 47 14 6 55 78 96 1 21 56 4 82 74 100
50 11 92 22 84 30 94 83 23 91 27 22 33 47 75 15 14 24 51 37 30 52 70 46 28 93
51 58 88 76 15 65 7 44 74 63 91 83 20 22 72 4 37 15 13 50 13 56 72
52 13 83 92 94 98 80 88 5 81 4 65 97 28 60 41 53 99 84 86 51 13 12 33
53 42 15 34 1 26 92 49 76 71 97 28 22 69 90 52 2 45 50 84 59
54 47 4 60 91 66 78 99 77 82 6 70 35 96
55 62 12 98 78 41 85 46 30 51 96 19 79 35 53 3 47 74
56 99 68 87 2 29 6 35 23 6 98 10 84 8 49 53 50 25 32
57 12 90 4 18 66 66 82 47 34 98 59 89 7 55 82 49 37 41 14 16 40 68 31 66 1
58 11 20 6 95 32 51
59 5 95 12 96 97 44 60 96 76 42 15 49
60 88 47
61 86 91 14 76 90 14 95 80 40 71
62 38 49 5 35 65 95
63 74 26 61 88 37 64 48 44 21 82 70 64 54 16 34 45 39 53 92 6 51
64 48 45
65 72 12 36
66 82 20 60 56 16 67 90 86 44 70 70 97 96 75 5 14 88
67 99 51 48 38 63 10 41 63 89 84 66 95 37 19 62 39 85 76 74 49 94 80 38 89 42
68 80 40 56 39 46 73 59 36 54 21 71 10 85 44
69 41 14 28 55 56 90 95 6 55 57 35 30 25 50 89 21 8 62 33 22 84 100 55
70 94 90 72 83 17
71 88 61 3 5 53 5 98 48 20 12 85 52 46 78 70 30 9
72 18 24 71 4 46 90 47 73 87 80 95 20 12 16 66 42 64
73 55 55 63 35 94 39 81 10 14 52
74 32 94 38 59 90 19 84 21 93 77 21 11 3
75 3
76 5 6
77 70 79 92 29 62
78 39 83 18 87 11 97 72 50 83 66 83 93 74 27 52 100 24 37 75 65
79 54 50 88 49 71 1 86 73 84 7 82 91 46 89 24 61 86 84 33 52 21 5 76
80 56 68 11 8 59 69 28 66 20 7 77 56 64
81 20 60 63 51 69 72 45 20 62 79 56 60 12 22 6 89 28
82 17 48 47 19 66 13 48 71 88 20 24 58 59 95 91 90 36 84 56 51 60
83 64 81 42 23 41 72 56
84 25 29 40 1 67 46 69 35 27 39 64 31 92
85 33 58 26 49 73 88 70 48 63 55 99 43 28 6 47 42 75 81 30 21 57 9 80
86 20 43 63 93 29 81 80 81 12 28 73 16 29 75 96 43 90 5 14 27 25 44
87 4 81 60 72 15 73 48 12 38 66 20 18 2 86 93
88 12
89 67 23 73 75 61 95 60 22 28 18 65 35 9 45 94 52 18 20 41 11 40 61 31
90 52 18 69 29 8 15 56 89 64 91 8 43 11 76 80
91 49 26 89 1 45 48
92 16 33 26 37 34 56 73 81 93 91 42 80 69 60 64 68 39
93 14 76 91 74 31 25 64 91 85 64 30 100
94 57 71 43 4 4 81 31 61 23 58 44 91 89 22 80 72 29 80 19 15
95 94 90 40 26 35 59 96
96 20 77 73 24 32 56 6 88 60 78 84 66 18 13 4 4 94 54 21 26 61 50
97 54 64 50 26 29
98 3 73 66 90 73
99 76 98 24 63 40 61 9 55 91 40 20
100 17 87